/*--------------------------------*- C++ -*----------------------------------*\
| =========                 |                                                 |
| \\      /  F ield         | OpenFOAM: The Open Source CFD Toolbox           |
|  \\    /   O peration     | Version:  4.1                                   |
|   \\  /    A nd           | Web:      www.OpenFOAM.org                      |
|    \\/     M anipulation  |                                                 |
\*---------------------------------------------------------------------------*/
FoamFile
{
    version     2.0;
    format      ascii;
    class       faceSet;
    location    "constant/polyMesh/sets";
    object      nonOrthoFaces;
}
// * * * * * * * * * * * * * * * * * * * * * * * * * * * * * * * * * * * * * //


311
(
5 
8 
11 
17 
19 
20 
22 
23 
26 
29 
32 
37 
38 
40 
41 
5163 
44 
5165 
5167 
5169 
50 
5171 
5173 
5175 
5176 
59 
5182 
5184 
5186 
5188 
5190 
10312 
5192 
10314 
5194 
10316 
5196 
10318 
10320 
10323 
10325 
10327 
10331 
10333 
2205 
2207 
2209 
2213 
2215 
2217 
2219 
2221 
2223 
2225 
2227 
2229 
2231 
2233 
2235 
2236 
2238 
2240 
2242 
2244 
2246 
2248 
2250 
7372 
2252 
2254 
7376 
7378 
2258 
2260 
7381 
2262 
7383 
2264 
7385 
7387 
2268 
7389 
2270 
7391 
7393 
7395 
7397 
12521 
12523 
12525 
12528 
12534 
4416 
4420 
4422 
4424 
4426 
4428 
4430 
4432 
4434 
4436 
4438 
4440 
4441 
4447 
4449 
4451 
4453 
9577 
4457 
9579 
9581 
4461 
9583 
4463 
9585 
9586 
9588 
9590 
9592 
9596 
9598 
1464 
1470 
1474 
1476 
1478 
1480 
1482 
1484 
1486 
1488 
1490 
1492 
1494 
1496 
1498 
1500 
1501 
1503 
1505 
1509 
6631 
1511 
6633 
1513 
6635 
1515 
6637 
6639 
1519 
6641 
1521 
6643 
1523 
1525 
6646 
1527 
6648 
1529 
6650 
6652 
1533 
6654 
1535 
6656 
6658 
6660 
6662 
11786 
11788 
11791 
11793 
11795 
11797 
3679 
3681 
3685 
3687 
3689 
3691 
3693 
3695 
3697 
3699 
3701 
3703 
3705 
3708 
3710 
3712 
3714 
3716 
8838 
3718 
3720 
8842 
3722 
3724 
8846 
3726 
8848 
3728 
8851 
8853 
3734 
8855 
8857 
8859 
8861 
729 
735 
739 
741 
743 
745 
747 
749 
751 
753 
755 
757 
759 
761 
765 
768 
770 
772 
5894 
774 
5896 
776 
5898 
778 
5900 
780 
5902 
782 
5904 
784 
5906 
786 
5908 
788 
5910 
792 
5913 
794 
796 
5917 
798 
5919 
800 
5921 
5923 
5925 
806 
5929 
5931 
11055 
11056 
11060 
11064 
11066 
2940 
2942 
2944 
2946 
2948 
2950 
2952 
2954 
2956 
2958 
2960 
2962 
2964 
2966 
2968 
2970 
2971 
2973 
2975 
2977 
2979 
8101 
2981 
8103 
2983 
2985 
8107 
2987 
8109 
2989 
8111 
2991 
8113 
2993 
2995 
8118 
2999 
8120 
8122 
8124 
8126 
8128 
13256 
13258 
13260 
13261 
)

// ************************************************************************* //
